(x,y,z component velocity respecticely (2nd,3rd,4th coulumn) 

 1 -4.959478  5.123777  5.094142
 2 -0.971325  3.640623  2.477051
 3 2.48305  -2.704506  0.304585
 4 4.24582  3.374039  -3.155957
 5 3.76604  3.145326  1.876187
 6 -1.047243  -2.420928  -4.273684
 7 4.427491  -2.616404  -4.314831
 8 -3.105809  0.689922  1.424818
 9 -2.526233  3.115179  3.474779
 10 -0.735096  0.053772  -3.861364
 11 -4.194306  1.359674  -4.240407
 12 -5.008799  -1.108213  -5.308809
 13 -2.482454  -0.714017  -0.852552
 14 0.151793  1.093808  -2.081074
 15 3.243074  3.993465  -0.569425
 16 -1.806712  -0.959968  -0.615854
 17 -3.956015  -2.961127  -5.332198
 18 -3.253518  0.110824  1.961825
 19 -0.644513  1.148017  -4.549727
 20 3.413447  0.366047  -0.498207
 21 3.200363  -1.412639  -0.51373
 22 -3.820881  4.179373  -0.402027
 23 -2.436847  0.112615  4.77822
 24 -1.252284  -4.843392  4.753524
 25 -1.180112  5.002917  -1.18903
 26 2.423228  -4.116349  3.946528
 27 2.060233  4.672206  -1.143123
 28 2.488079  3.354187  1.853548
 29 3.712119  1.687424  -0.191794
 30 3.181341  -0.232983  -2.628453
 31 -2.646252  4.086209  -2.492686
 32 -1.819269  -4.017311  -0.189098
 33 -5.065897  -3.906317  -1.071688
 34 -3.815553  -3.765135  1.972734
 35 -2.931143  -0.632739  -3.861118
 36 1.638131  4.009053  4.711516
 37 -1.337468  0.170639  3.562114
 38 3.375647  -1.451039  2.190189
 39 -4.406602  -0.223233  -4.784948
 40 1.162012  -1.682798  3.304008
 41 3.811772  -1.31547  -1.386446
 42 0.172529  0.097633  -4.155772
 43 1.710529  -2.325115  -3.432256
 44 1.459441  -2.868847  -3.703129
 45 -2.113751  0.082714  4.909221
 46 0.089598  1.672774  4.761645
 47 5.044928  -1.530707  2.753175
 48 2.684877  4.03423  4.944319
 49 3.425482  5.050045  4.109954
 50 4.290443  1.269318  1.743097
 51 -2.826775  0.704305  4.183002
 52 4.556487  0.379739  -1.581117
 53 4.468876  1.151027  3.137175
 54 -3.125129  -1.064182  4.442261
 55 0.870366  -1.430084  4.757699
 56 4.186067  -3.098873  -2.609754
 57 -1.729582  -1.147846  -1.364779
 58 -0.858521  3.305174  2.909254
 59 -0.808614  -4.475362  -2.083719
 60 -3.075548  0.813545  3.808088
 61 0.656404  -1.485566  -4.711389
 62 -0.492817  -4.978751  4.699658
 63 -1.541171  0.208518  -4.297537
 64 -3.839389  -4.686279  -2.613991
 65 0.347337  -1.137935  0.287908
 66 -2.709544  3.083117  -3.567823
 67 -4.622078  0.614506  -0.983687
 68 3.118437  0.738606  -3.639879
 69 0.184595  -2.235701  -4.3332
 70 0.0373  -2.852392  -2.361021
 71 -3.179562  -0.419827  4.250026
 72 1.242  0.507653  -3.318666
 73 0.08803  -3.460689  -5.18379
 74 0.019795  3.709626  1.943951
 75 -2.836079  1.944299  -1.427992
 76 -1.621409  -0.864408  -1.586347
 77 -3.505534  4.312774  -2.995568
 78 5.171169  -3.586922  -3.109458
 79 -3.350586  -3.790962  -1.487882
 80 3.19262  -1.638598  4.741167
 81 0.51191  -3.794603  2.363642
 82 4.779103  -4.803951  -2.936687
 83 -3.1753  0.765111  0.996874
 84 -1.353853  0.774737  2.739188
 85 -0.341095  -1.944839  1.397036
 86 -0.591951  1.818655  -2.455812
 87 -3.356702  2.553866  1.363425
 88 -4.373813  1.381547  3.905395
 89 4.98413  1.045058  4.675
 90 -3.712179  -5.083328  -1.139798
 91 1.911362  -0.576658  -1.316674
 92 5.04022  -0.37527  4.496463
 93 -0.700822  -0.431368  -3.565051
 94 -0.4587  -3.730325  4.629416
 95 -2.45077  1.028551  4.139671
 96 -4.050173  1.228917  1.144525
 97 -0.749996  0.18938  -2.810609
 98 -4.056479  -3.544495  2.529873
 99 -2.390167  -1.424368  -4.897424
 100 -0.251415  -1.758307  3.141371
 101 5.166043  1.446956  1.68242
 102 -1.480049  3.067674  -3.361782
 103 4.115764  -0.589223  0.722384
 104 -4.124684  -4.785673  -2.361333
 105 -2.013494  1.215341  0.251402
 106 4.838426  2.010303  -0.18736
 107 -2.44797  4.945187  3.984221
 108 1.851212  -1.177652  -0.641458
 109 2.085726  -2.791135  1.20287
 110 -0.458785  -0.765349  -1.943618
 111 -2.340265  -3.281533  -1.003886
 112 -4.654135  -1.001512  3.434238
 113 1.727332  4.629884  -4.552577
 114 2.615535  -3.594648  3.565049
 115 -0.356178  3.195413  -4.312658
 116 0.49573  -4.076699  -3.391315
 117 -4.689557  3.701769  -0.500942
 118 -1.937087  2.422813  2.788002
 119 -0.014597  0.849337  -3.925027
 120 -1.939267  -3.041598  4.789705
 121 2.026921  2.214342  1.481338
 122 -4.940711  -4.65871  4.823179
 123 4.348446  1.330214  0.429859
 124 -1.918041  -3.112283  0.060338
 125 2.684456  -4.948203  -2.941534
 126 -2.634685  0.690257  2.730965
 127 0.5951  -2.445835  2.881643
 128 4.75641  -3.129801  0.055268
 129 -2.433785  -2.027523  -2.605182
 130 0.085503  4.02085  -0.160043
 131 4.133598  -0.172385  0.799801
 132 1.443419  -0.477285  -2.71485
 133 3.65311  0.793608  -0.262317
 134 -2.687332  1.795229  2.192673
 135 4.22762  -2.71835  -1.257216
 136 1.585059  -0.710642  -4.693146
 137 2.319164  -1.673192  4.152191
 138 0.034972  -1.475825  1.293712
 139 1.265024  3.197834  2.410131
 140 1.527846  -3.595866  -1.38258
 141 -2.629867  -0.694023  2.810938
 142 1.328866  1.396976  0.869309
 143 3.270422  3.417026  -1.057445
 144 -2.51211  0.397374  -4.255253
 145 4.855549  -3.011376  4.720746
 146 1.721804  4.670142  -2.314368
 147 0.443909  2.561539  1.662229
 148 -3.302087  -1.5243  0.477181
 149 3.478984  4.79266  -2.378506
 150 5.110258  0.703242  2.425995
 151 3.481089  -4.498938  1.540337
 152 -4.178719  -1.983249  -1.888758
 153 -2.976202  3.471364  -2.686589
 154 -5.017408  -0.170963  -3.705179
 155 -0.176344  -3.278654  -4.204468
 156 3.563986  2.811231  -1.328142
 157 4.78079  1.755283  4.848888
 158 0.448376  0.662023  0.023294
 159 -1.842884  5.140096  3.445669
 160 -4.110219  2.871189  -3.984325
 161 3.344284  -1.920647  -4.85799
 162 1.365845  3.892238  2.344883
 163 4.076776  4.12284  4.509567
 164 0.990592  -4.062092  -2.483392
 165 0.606201  -1.455684  -1.296943
 166 -2.814084  4.694795  1.376195
 167 3.812961  -0.312161  -4.166171
 168 -0.136615  -4.852898  2.043044
 169 4.220476  2.862938  5.230531
 170 -2.139807  4.773484  -3.746549
 171 -1.141244  -4.379315  1.902899
 172 2.96017  -1.816243  -4.515818
 173 -4.6002  1.773663  -2.704554
 174 -3.747621  5.006714  3.206498
 175 -3.155248  -1.576775  0.88554
 176 -2.883595  -4.451869  0.625142
 177 0.117809  -4.696815  0.537711
 178 4.78719  3.623089  4.459409
 179 -3.233561  -2.003531  2.207163
 180 -2.979955  -0.920944  2.416345
 181 4.117046  -4.128667  0.479881
 182 1.955482  -0.588082  -1.824039
 183 0.680548  -3.667623  -3.159617
 184 0.325579  1.56597  -0.016909
 185 -5.083022  4.712413  -3.295387
 186 -4.782104  -3.508234  -2.082314
 187 4.727181  -0.994617  -2.256867
 188 1.296963  4.264944  0.924375
 189 2.746844  2.570545  -0.405132
 190 2.060958  2.538219  3.779711
 191 -1.807832  -5.042353  3.212776
 192 -2.436356  2.974965  -0.520864
 193 5.113914  4.974412  2.37482
 194 0.906286  -2.124223  -3.634339
 195 0.284142  1.081708  -1.679778
 196 2.562655  2.574745  -2.245818
 197 -1.693722  1.412902  -3.913138
 198 -0.850789  -4.493065  -4.043545
 199 1.477486  -1.485037  -3.308542
 200 -4.674508  4.655106  -1.012237
 201 -3.462793  1.513306  -3.602327
 202 -3.671367  -1.503221  -2.969513
 203 0.249652  -3.14712  0.752998
 204 1.446772  -1.361513  -0.736804
 205 0.314597  1.341117  -3.786453
 206 -4.855897  0.687785  5.038592
 207 -1.278426  -4.723993  2.742855
 208 -4.167333  -2.309248  4.772698
 209 -3.692682  4.842055  -0.205231
 210 0.864077  -5.080653  0.197516
 211 0.577631  -0.699093  1.652075
 212 -1.408788  -2.896922  2.54316
 213 2.636211  0.348597  3.193202
 214 3.100151  2.657854  -3.997682
 215 -0.162962  0.321205  -3.626541
 216 5.065856  3.057403  2.466481
 217 2.646917  -1.630588  -3.466034
 218 1.988598  4.327665  2.984431
 219 2.664921  4.625104  -0.407863
 220 3.184202  -5.044149  3.069644
 221 -2.380771  4.834088  0.373882
 222 2.414143  2.855638  -2.270547
 223 -4.498081  4.708403  4.629858
 224 1.49322  -2.436671  0.250504
 225 -3.760635  4.338739  -1.263103
 226 0.745719  -0.945081  4.844793
 227 3.224745  0.503312  -4.768989
 228 4.733518  -4.373511  3.705304
 229 -0.464158  -2.755242  -1.294262
 230 -0.968655  -2.444617  -2.695001
 231 3.506122  -1.549159  3.152601
 232 -1.460128  -1.907744  4.731936
 233 4.14147  -2.359691  -0.912682
 234 2.052885  -4.471759  4.897597
 235 -1.433828  -2.713985  1.643765
 236 1.740387  -4.398837  4.696984
 237 0.457844  -2.149395  0.436994
 238 -4.443668  -1.023089  -1.311474
 239 -3.27436  3.825633  -1.612131
 240 -1.83364  3.761447  0.988045
 241 -2.724145  3.793555  -0.20547
 242 -0.053002  -5.016429  -5.217545
 243 -2.616151  -4.745608  3.776501
 244 0.395433  -4.806743  1.584242
 245 -2.659017  -1.07863  4.359247
 246 1.727729  1.397611  -4.596218
 247 -5.029731  4.12214  -4.623901
 248 2.076421  3.76358  -1.198263
 249 0.160062  2.336129  -2.43148
 250 -2.834403  4.744966  -2.334045
 251 0.044268  3.184132  -3.778984
 252 -0.982297  -0.228504  -4.309633
 253 -0.177255  2.590964  0.011213
 254 -5.072122  -3.95263  4.064544
 255 5.050907  -2.298992  -2.214982
 256 -3.796211  4.550514  5.189823
 257 -4.950328  -0.278224  -2.894491
 258 3.6031  -0.169393  4.700585
 259 2.570864  -4.920349  2.327916
 260 0.730717  -0.962597  1.532879
 261 -4.226077  1.985703  -1.581745
 262 4.878967  0.162381  -0.857219
 263 -3.522247  0.099151  -5.170488
 264 -3.400263  3.239688  1.100561
 265 -3.501675  -1.986894  5.03667
 266 5.157695  2.172072  4.647459
 267 4.227626  1.54322  3.926356
 268 1.990581  1.692691  -0.884137
 269 0.435404  -4.393507  2.449612
 270 0.19601  -0.916075  2.974913
 271 5.194232  4.291076  2.317596
 272 2.03869  -3.033084  -1.089282
 273 2.531494  1.7729  0.678778
 274 0.775311  0.935863  1.601905
 275 -5.106767  -1.263894  1.931447
 276 4.298091  1.773988  -2.254885
 277 1.789509  -2.713827  -0.480892
 278 0.981853  1.321949  -3.054677
 279 -3.679601  -3.85602  -0.678063
 280 3.397405  2.523972  0.500192
 281 -1.236763  1.680892  -5.251824
 282 -3.676844  -0.665281  3.900691
 283 4.635448  0.585541  -2.987831
 284 -5.073748  2.298884  4.732872
 285 -5.021152  -2.933004  3.236471
 286 -1.553786  0.438479  -0.020653
 287 3.573819  -5.084087  -0.678416
 288 -3.340463  -4.157855  -1.163164
 289 -0.134915  3.44741  5.008037
 290 5.008354  -4.258086  2.200742
 291 5.195738  -0.920111  -1.789211
 292 -2.566792  -2.962151  0.666664
 293 4.557915  -1.226428  5.185378
 294 -1.002667  0.022287  -1.457386
 295 -4.944461  2.52906  -3.040901
 296 3.899259  -1.690295  4.649371
 297 -3.217179  1.75453  -1.342424
 298 3.148706  -2.973213  0.647391
 299 3.437864  -2.276628  1.33385
 300 -1.737531  -1.495056  3.107313
 301 -5.066085  1.298183  4.943173
 302 -1.845895  -1.019195  -4.78056
 303 -1.737685  4.254201  2.171435
 304 0.196492  2.692216  -1.640036
 305 4.831614  2.805045  4.490972
 306 5.168659  -1.554388  -4.969481
 307 -3.608477  0.913848  -3.095131
 308 -1.272818  -0.386668  -2.339
 309 -3.666262  -1.490117  -3.841171
 310 -1.776738  0.110459  0.978853
 311 -2.315938  3.716949  -2.556023
 312 -5.081701  4.008169  -4.186637
 313 -4.184726  -3.417775  4.375275
 314 1.584793  -0.996895  -0.038902
 315 1.043762  1.076185  2.630362
 316 -2.521654  4.259123  4.731385
 317 -0.291756  2.519753  -1.477264
 318 0.36973  -0.656959  -3.193014
 319 4.955826  -3.122661  -1.883434
 320 1.342073  2.328217  -4.802154
 321 3.621463  0.069628  -3.454842
 322 0.163222  4.473157  -0.387918
 323 -4.748713  -1.902589  -0.661677
 324 -0.641403  1.249246  -0.161521
 325 -3.46576  1.553028  3.394973
 326 -0.333045  -5.102032  2.290141
 327 2.198556  0.001754  -4.614008
 328 2.91005  -3.537651  0.694696
 329 -0.489148  -4.102382  -0.701069
 330 -4.74323  -4.304669  -3.274315
 331 3.262311  -2.99645  -3.184539
 332 4.857745  -4.530508  -1.902024
 333 -3.646674  5.188307  -0.926726
 334 -3.680986  2.314439  3.832074
 335 0.868923  1.605089  -5.117042
 336 -2.351198  -3.29083  0.793423
 337 -4.068661  5.016155  -1.416904
 338 -4.725937  4.726531  -4.452409
 339 -3.406963  -3.529112  -4.787628
 340 3.707824  1.717615  2.897717
 341 -3.712464  3.003503  -1.607845
 342 -2.894602  4.289826  -2.208542
 343 3.81602  3.675822  5.192882
 344 -4.60751  -3.362265  -4.94758
 345 1.588368  -4.326128  -4.386677
 346 -3.741529  -4.097518  2.333447
 347 0.910141  4.41833  -1.569793
 348 3.953846  -0.823666  -1.487453
 349 0.115429  1.675525  0.93433
 350 2.79888  -4.752049  -0.004818
 351 -1.554285  0.519878  2.056441
 352 -0.850323  -2.555305  -3.820203
 353 1.335824  3.969688  1.981631
 354 -2.258433  0.825893  -1.034559
 355 3.539556  2.925892  0.303475
 356 -1.093227  -3.238327  2.054231
 357 -2.498058  -3.886206  3.511435
 358 2.782559  -3.385638  1.000988
 359 4.479388  5.122375  -0.681497
 360 -0.968403  4.127192  1.275679
 361 0.703238  -3.292931  3.727367
 362 -2.499517  1.040536  1.929434
 363 -0.761872  0.125783  -4.19511
 364 2.109353  -2.111606  -1.173927
 365 -5.069773  -3.496816  -1.519758
 366 1.617768  -1.539914  4.028903
 367 -0.07338  -4.278537  3.189688
 368 -0.092864  -4.101263  -1.273767
 369 -4.694085  2.240527  -3.578884
 370 -1.339217  -3.27094  1.077977
 371 4.601946  2.160195  -0.179892
 372 1.337018  -2.238551  -4.134552
 373 3.451518  -5.068124  0.870505
 374 -3.806043  -0.24325  3.909655
 375 4.108322  3.654509  0.677934
 376 -1.756348  0.505383  -1.976028
 377 -3.183831  0.358624  -1.388132
 378 3.761163  4.728902  -0.53761
 379 0.774232  3.786786  1.528091
 380 -3.232141  3.490107  -5.22554
 381 -2.357524  1.299405  -4.033057
 382 3.322031  -4.972657  0.039108
 383 3.172887  -4.016272  -2.26827
 384 -1.629425  -1.327564  -5.136241
 385 -2.358344  -4.667685  -5.108455
 386 1.170893  -1.374231  3.9671
 387 3.581661  -2.4477  -1.137708
 388 -2.351516  3.290992  -0.726775
 389 -1.268231  3.369677  2.245615
 390 5.209256  -4.976015  -4.511589
 391 -0.957403  5.147072  3.776071
 392 -0.295983  -1.39166  -1.303759
 393 -1.427653  -2.955509  2.714177
 394 -2.349233  -1.644552  -0.217622
 395 5.137783  -3.837621  2.880553
 396 -1.507282  -3.489613  3.54094
 397 -1.474305  1.815814  2.419637
 398 -0.35031  3.498462  -3.497595
 399 2.607447  -1.706088  -3.52561
 400 -1.393345  -4.239556  -4.793065
 401 4.30561  4.383987  5.086677
 402 -3.903605  -4.977267  5.235412
 403 4.459865  -3.961681  1.266444
 404 3.842126  2.353704  4.797643
 405 -1.680843  3.393722  -0.995459
 406 -4.171443  -1.15738  -4.622509
 407 1.252936  5.125396  1.500683
 408 -0.308491  5.023313  3.360285
 409 -1.957227  -3.299426  1.246385
 410 5.059223  0.136831  0.899586
 411 2.631487  1.578234  -4.141627
 412 2.599757  -2.235504  2.658011
 413 1.673865  -4.495341  4.55754
 414 4.811198  -1.651514  -3.219593
 415 -3.514833  -0.777895  -2.855664
 416 0.223689  4.0196  0.160883
 417 3.696837  4.556013  3.568771
 418 0.243843  0.105638  4.38006
 419 5.06244  1.503855  4.221292
 420 -0.331411  0.034997  2.104579
 421 -0.817974  -0.191556  3.374525
 422 -3.724746  2.100611  4.328888
 423 -2.712555  4.496656  2.441437
 424 -1.268236  -4.23965  0.521705
 425 2.411596  -2.763457  -3.084469
 426 -2.420932  -1.878879  3.911043
 427 1.017036  3.745652  -1.647002
 428 -3.974139  2.658977  0.748401
 429 1.348653  1.972717  3.443127
 430 -1.179767  -4.768752  -0.107799
 431 -0.884317  -4.464735  2.841157
 432 -1.618738  0.483591  0.427593
 433 -2.417283  -2.346607  3.809325
 434 -1.874556  1.535194  1.650768
 435 1.567899  1.39071  -1.627728
 436 -3.221135  -2.669685  -3.90931
 437 -3.816329  4.702826  0.415258
 438 0.570952  -4.667579  -1.618593
 439 2.599518  0.388124  -3.51969
 440 -4.547623  -0.819252  -3.208366
 441 0.161881  0.627338  -2.069033
 442 3.778171  4.898517  -1.922649
 443 0.422434  1.281155  3.592565
 444 3.760615  0.498429  0.529445
 445 4.026893  -3.739028  2.436683
 446 -1.736629  4.234764  -1.421712
 447 -1.043095  -4.265259  -3.378564
 448 -1.252857  0.073502  0.65973
 449 -1.977464  0.528767  -1.262319
 450 -1.908278  -1.876696  -1.344785
 451 3.259189  1.310501  -1.061042
 452 3.134404  3.732907  -2.392551
 453 -3.051684  -2.518035  4.884458
 454 2.30685  1.357675  -0.027141
 455 3.68462  2.560878  -1.308707
 456 -0.129321  4.032282  1.639171
 457 -4.795409  -4.036718  2.260887
 458 0.178641  5.237271  0.233214
 459 4.930112  1.326092  4.997481
 460 -0.082021  -2.758482  2.58008
 461 2.950089  -3.636672  -4.657174
 462 2.73743  3.604314  0.470481
 463 2.939077  1.996166  -5.345037
 464 -1.975858  4.957079  2.394639
 465 2.657346  1.363607  -5.122748
 466 -4.848904  -2.635635  -3.161855
 467 4.398203  2.832913  3.123671
 468 5.012332  -2.745073  -1.434765
 469 -2.376265  3.10028  -0.634688
 470 3.213258  3.201526  -2.037217
 471 1.241415  4.811666  -2.656293
 472 -3.364306  -4.285042  3.468
 473 -2.449484  3.421749  -2.34747
 474 -0.630539  -0.970467  -4.522791
 475 2.788727  2.870012  2.99826
 476 3.872459  2.027104  1.103158
 477 3.276469  4.329184  -3.90039
 478 -1.504328  1.960671  0.768106
 479 1.475855  -1.061302  1.299205
 480 -4.519095  3.914356  1.271289
 481 -1.051186  -1.776702  -4.657232
 482 2.548687  -3.750784  -2.861393
 483 -2.229134  2.528014  2.542653
 484 -3.959769  -0.181531  -2.933984
 485 3.674117  3.256667  1.667146
 486 3.255565  3.711455  2.040353
 487 0.992266  3.027998  -0.68891
 488 -1.119293  2.018256  5.125683
 489 -0.37361  2.00237  -1.500041
 490 -5.064003  0.332408  2.712909
 491 -3.573214  -3.275835  -0.538105
 492 2.515802  1.115434  -3.960713
 493 -3.257624  0.699263  0.863578
 494 1.85342  0.986289  -0.612222
 495 2.869722  3.887679  2.091114
 496 0.326522  -4.214255  0.794096
 497 1.77814  -4.56425  0.168057
 498 -4.264248  -2.888763  -4.480841
 499 -2.783409  -4.305952  -0.48861
 500 3.373498  3.799649  -1.682382